-1.27380135e+00 -1.06662654e-02 -8.06624039e-01  8.68349917e-01
  4.06497318e-01  9.68694057e-01  1.57416605e+00 -1.84575969e+00
 -1.43777724e+00  4.54943790e-01 -3.65391035e-02 -9.62010223e-01
 -9.77545715e-01  1.12982518e+00  2.09235495e-01  1.47750511e-01
  6.67199456e-01  2.47376445e-01  4.09715614e-01 -8.78724561e-01
 -1.84813448e-02  1.56099680e+00  1.18693333e+00 -1.27988952e+00
 -1.44038674e+00  1.65897557e+00  3.20768306e-02 -5.98409290e-01
 -7.27382239e-01 -9.63673016e-01  7.88281243e-01  1.52885322e+00
  1.12308847e+00 -6.01294300e-01 -1.23560384e+00 -9.73184237e-01
 -1.14650667e+00  3.42530947e-01  2.48819529e-01 -4.13352204e-02
 -6.92345489e-01 -6.53838105e-01  5.86380870e-01 -1.72597858e+00
  4.46534658e-01 -1.58389084e+00  3.38668584e-01  1.86218389e+00
 -2.12084003e+00  2.30220795e+00  3.19028277e-01 -1.62933060e+00
 -2.13626010e+00  1.70330067e+00 -1.45688962e+00 -1.19813223e+00
 -7.49533183e-01  6.90516610e-01 -1.92060066e+00 -1.88187916e+00
  1.19557868e+00 -4.32663517e-01 -9.95835481e-01 -3.68220773e-01
  1.03150700e+00 -8.36067621e-02 -1.63392795e+00 -4.02863901e-01
  1.52795267e+00 -2.06905446e+00  1.30153289e-01  7.84109972e-03
  5.76711990e-01  1.31075093e+00  2.54620199e-02  7.28738185e-01
 -1.05838843e+00 -6.06911868e-01  2.64914553e-01 -8.05517202e-01
  1.89013888e+00  3.61531050e-01  1.01615664e+00 -2.06486801e+00
 -2.13986277e+00 -7.15041931e-02 -1.57985209e+00  1.84060227e-01
 -8.35388463e-01 -6.82581871e-01 -1.36512984e+00  1.07911146e+00
  1.06096269e+00  7.38272792e-02  4.08882089e-01 -1.84906781e-01
  9.98318669e-01  1.03758920e+00 -1.88435178e-01 -1.75381131e+00
 -1.57412984e+00  8.80867634e-01 -1.86728495e-01 -5.59526029e-01
  3.04875369e+00  4.58232893e-01 -6.65207240e-01 -8.24151152e-01
  1.05213215e+00  1.49720396e+00  1.24336000e+00 -2.03071150e+00
  5.19644398e-01 -1.90338395e+00 -2.94691542e-01  7.17786089e-01
  6.93959288e-02  7.15853100e-02 -5.50473296e-01 -2.39635302e-01
  2.49590738e-01  2.68741260e-01 -3.47297666e-01  2.10611892e+00
 -1.47972607e+00  1.34093164e+00  1.30944754e+00 -1.91222486e+00
  2.50284386e-01 -8.34802748e-01 -1.27251458e+00 -7.80538906e-01
 -1.03770316e+00  6.07165097e-02  5.69801201e-01  6.99711001e-01
 -9.69411477e-01  1.00660965e+00  7.61284193e-01  4.41756776e-01
 -3.40212823e-01  1.59234234e+00  1.05759279e+00  4.30140228e-01
  9.10783094e-01  2.74266553e+00 -2.87896436e-01  1.71960025e+00
  1.30439646e+00  3.85711075e-01 -3.19691558e-01 -6.17657801e-01
 -1.13415935e+00 -1.90026574e-01 -1.35019998e+00  8.98310666e-02
 -5.75019427e-01  1.08354145e+00 -1.42009770e-01 -1.04457831e+00
  1.91790230e+00 -4.93273897e-01 -1.03986140e-01  1.32011736e-01
 -1.24216007e+00 -9.63277288e-01  4.69949132e-01 -1.65620334e-01
 -1.51886052e+00 -3.68128189e-01  1.09454176e+00 -3.02849965e+00
 -1.18857311e+00 -1.59707604e+00  1.94060268e-01 -3.57353424e-01
  4.18092929e-01  9.08096136e-01 -3.12833086e-01 -5.70721863e-01
  1.24648795e+00  8.36993139e-01  1.10450729e+00 -1.43760214e+00
  4.10827506e-01 -1.39924326e+00 -4.78893709e-02 -2.19855873e+00
  1.09312131e+00  3.68709674e-01 -6.48395831e-01 -9.33432062e-01
  8.28604089e-01 -1.05422100e+00  2.07811108e-01  1.46844657e+00
  2.01009674e-01 -2.15679941e-01  1.16231338e+00 -1.12090079e-01
 -4.26976662e-01 -2.27811917e-01 -2.78990438e-01  3.85294101e-01
 -2.65303871e+00 -3.59931769e-01 -4.84172012e-01  6.06743832e-01
  2.04647346e+00 -1.95723540e+00  5.68503696e-01 -2.61632922e-01
 -3.93896108e-01  4.21758528e-02 -1.33626064e+00  2.09080902e+00
  6.39044378e-01 -3.00399434e-01  1.61041598e-01  1.43117840e+00
 -9.21841556e-01  1.04172320e+00  9.46694220e-02  4.67583057e-01
 -7.46457346e-01  7.60434464e-01  1.65572316e-02  2.25168778e-01
 -1.11135507e+00 -2.34418678e+00  1.10732566e-01  1.32229249e+00
 -6.67961297e-01  1.17949219e+00 -1.63530942e+00  3.76424288e-01
  9.55595521e-01 -1.23666305e+00 -8.83713784e-02 -2.80265179e-01
  7.02356792e-01  6.03612278e-01  1.42932389e+00  1.65941893e-01
  1.76836787e-01  3.51646962e-01 -1.19060894e-01  4.86205362e-01
  5.80019448e-01  4.45572525e-01 -7.47514094e-01 -1.40639643e-01
 -5.46018550e-01  8.62169298e-01  1.61678212e+00  2.41356649e-01
 -1.48304243e+00 -6.51957210e-02  1.73677810e+00 -3.07120829e-01
 -6.94995145e-01 -1.67006603e-01 -1.26178713e+00 -3.43168651e-01
  5.65452712e-01  1.07299546e-03 -9.88189755e-01  6.26822768e-01
 -1.94535756e-01 -1.18089835e+00 -3.88893602e-01  3.38604428e-01
  1.01868044e+00 -1.83531828e+00 -1.85676114e+00 -5.73859693e-01
 -7.94554051e-01  1.05768264e+00  1.06461611e+00  4.40518251e-01
 -1.51810475e+00 -1.05535719e+00 -8.35635045e-01 -2.74050970e-01
 -1.11175069e-01  4.02064350e-01 -5.84217132e-01 -1.71710653e+00
  1.91623698e-01 -7.39914514e-01  1.48705962e-01 -1.03239833e+00
 -2.26064146e+00  8.34767549e-01  9.04558483e-02 -8.02221080e-01
  7.93280925e-01 -6.38923015e-01  6.01738984e-01  2.81723569e-01
  5.72781691e-01  1.21621605e+00  1.44846747e+00  2.26487048e+00
  8.03407706e-01  7.84634768e-01 -1.08979765e+00  1.24952488e+00
  4.51286493e-01 -9.53182824e-01  1.64848978e+00  1.07945876e+00
  3.95936675e-01  7.41868173e-01 -2.78692321e-01 -1.48163439e+00
  1.91044365e-01  3.52714212e-02 -1.27284650e+00  5.75626882e-01
 -5.04413524e-01  2.89035952e-02 -8.05127221e-02 -3.25542884e-01
  9.68918284e-02  4.85424903e-01  9.39740990e-01 -5.77318448e-01
 -7.55191005e-01 -9.48494498e-01 -1.01809081e+00  8.38159490e-01
 -5.25521809e-01 -5.36391835e-01 -1.44644824e-01  9.83474928e-01
 -5.84886615e-01 -1.65327922e+00  6.26416077e-01 -1.03744874e+00
  3.82175070e-01 -1.16338407e+00  1.96751332e-01 -8.36451897e-01
 -4.08439864e-01  1.20690586e+00  3.80431114e-01  1.15032798e-01
 -2.18493357e-01  1.98448433e-01 -6.79604279e-01 -5.75368140e-01
 -1.05646085e+00  7.15346688e-01  4.88218171e-01 -5.32346893e-01
  1.13893786e+00  1.34126104e+00  2.66727142e-01 -1.04122277e-01
 -1.61883047e+00 -9.11836673e-01 -9.94379479e-03 -1.00767593e+00
 -6.83108923e-01  1.29660649e+00 -4.52873833e-01 -6.53265620e-01
  6.96121545e-01 -1.52206186e+00 -2.48282933e+00  8.22028849e-02
  1.66275414e-01 -2.39855597e-02  1.11000819e+00  2.00655015e-01
 -4.06352065e-02  1.72009855e+00  4.74304912e-01  2.02150496e+00
  1.29340993e+00  2.32074532e+00  6.48056324e-01 -8.07357041e-01
 -4.12732989e-01 -1.14976262e+00  7.71382916e-01 -6.96090365e-01
  1.09354615e+00  8.19073179e-02 -2.25725281e-01 -2.11465625e+00
 -1.24567138e+00  1.36267611e+00 -1.01672355e+00 -1.05482268e+00
 -1.68561948e-01  8.79973711e-01  1.66278830e+00  1.18371987e+00
  5.86615229e-01 -2.96072014e-01 -1.98645541e-01  1.66295445e+00
 -5.96752386e-01 -2.02694738e-01 -7.79131826e-01 -3.49093193e-01
 -7.50361070e-02  9.71353303e-01 -1.20332420e+00 -8.93248045e-02
 -1.39414391e-01  1.02546420e+00 -2.02139362e-01  2.74673514e-01
  1.56591635e+00  1.66696171e+00  4.49848204e-01  1.67002968e+00
 -9.89666646e-01  5.17160973e-01 -5.27725921e-01  3.31783462e-02
  6.61449855e-01 -1.87151564e+00  1.06229447e+00 -4.37916109e-01
 -9.72920867e-01 -7.56190268e-01  2.92647149e-01 -5.45439025e-01
  6.26745271e-01  6.38145745e-01  2.11826592e-01  6.39767850e-01
 -6.26885987e-01 -5.74855042e-01 -7.94399259e-01  1.16449314e+00
 -1.68656175e-01  2.68537170e-01 -9.85106061e-01  7.01737142e-01
  1.52943756e+00  1.30266244e-02  6.49910311e-01  2.72405511e-01
 -8.77612788e-01 -5.85100394e-01  7.00639700e-01 -1.35577433e+00
  2.27332458e+00 -6.34521800e-01 -1.02935562e+00 -3.13274319e-01
  3.71809387e-01 -1.38553275e+00  3.56113841e-01  6.85071053e-02
  7.29457147e-02  1.00242800e+00 -3.37152763e-01  1.56852289e+00
 -2.00213025e+00 -1.26344371e+00  1.86779932e+00 -7.46193820e-01
 -1.02720260e-01 -1.00648128e-01 -1.71800974e+00 -1.05158546e+00
 -1.01391198e+00 -5.31732617e-01 -1.47743575e+00 -1.69190982e+00
 -1.36469640e-01 -2.36762671e-01 -9.89012297e-01  1.58316441e+00
  1.25720840e+00  1.57817534e+00  1.68852864e+00  1.02348553e-01
  9.96991283e-01 -6.70316113e-01  1.01878898e+00 -6.57491286e-02
  5.12287298e-01  2.03809171e+00  4.17485325e-03  1.54394954e+00
 -2.15634908e-01 -2.32112000e+00  1.04984973e+00  1.45793363e-01
  1.45791635e-01 -6.28952854e-01  1.25709099e+00 -1.13633827e+00
 -1.17919428e-01 -1.74636470e+00  6.98374117e-01 -8.74289047e-02
  1.52345177e+00 -1.53664384e-01 -1.33235167e+00 -2.83655101e-01
  1.29170689e+00  1.36625389e+00  3.75894870e-02  3.58459638e-01
 -1.78523899e+00 -1.28252146e-01 -9.65862868e-01 -8.88658142e-01
  1.10752144e+00 -1.63400048e+00 -8.78922486e-04  2.00585056e+00
 -2.72376488e-01  9.09120388e-02  4.06857660e-01 -1.40723289e-01
  4.22074886e-01 -1.04200086e-01  9.16713458e-01  1.80816473e+00
  6.81535749e-01  1.66660605e-01  2.21771155e+00 -8.82764657e-01
 -1.06054947e+00 -4.20353206e-01 -9.38651654e-01  3.20735763e-01
  5.49030944e-01  9.67657828e-01  1.94217247e+00  1.77764864e+00
  9.45026576e-01  5.62431783e-01 -3.09947983e-01 -1.18160530e+00
  5.55725890e-01 -1.14511377e+00  5.46942178e-01  1.50853542e-01
  1.34247999e+00  5.42989196e-01  8.99960639e-01  6.16823764e-01
  1.81902237e+00  6.06087128e-01 -8.99215677e-01 -6.58142747e-01
 -1.36642211e-01  8.63346732e-01  1.32239297e+00  9.59866996e-01
 -2.81600503e-02  1.47131912e+00  1.38837378e-01 -7.37401262e-01
 -1.22031790e+00  1.61352921e+00 -1.45594418e+00  3.14464954e-01
  8.51229332e-01  1.50170619e+00  4.52684077e-01 -8.88727788e-02
 -6.92502560e-01  1.97249826e-01  4.76923867e-01  1.08478023e+00
 -4.88846160e-01 -9.84225371e-01 -7.62218641e-01 -9.82496871e-01
 -4.01734300e-02 -6.60350993e-01 -4.27162975e-02 -3.71845684e-02
  6.02345516e-01 -1.84998575e+00 -1.23503304e+00  2.24007681e-01
 -9.29082188e-01 -2.68456008e-01 -1.83546004e-02 -5.18441603e-01
  6.29915880e-01 -6.45551694e-01 -2.24454904e-01  1.26299013e+00
  1.11125993e+00  5.90768269e-01  3.44498145e-02 -3.14633703e-01
  8.29117364e-01  4.18859507e-01 -3.00077266e-01  1.44453450e+00
 -1.25629421e+00 -1.00975282e+00  3.08077569e-01 -1.74539311e-01
  1.93149471e-01  1.40032566e-01 -5.11587814e-01 -1.86866681e+00
 -2.37208168e-01 -3.38592844e-01 -3.04841459e-01 -8.23076415e-01
 -1.66123608e+00 -8.80720558e-01  7.23180232e-01  8.82233482e-01
  1.05949036e+00 -1.13760150e-01 -2.57475071e-01  3.46660972e-01
  1.27976752e+00  8.09867022e-01 -1.27152148e-01  6.87507096e-01
  5.85471593e-01  1.35357875e+00  5.67283200e-01  2.40103601e-01
 -3.90664910e-01 -1.16576782e+00 -4.19333694e-01  2.17650419e-02
  7.09890025e-01  9.01670502e-01  8.05510627e-01  1.29211500e+00
  2.76399491e-03  6.87084281e-01 -8.40320306e-01  1.16751527e+00
  4.38609811e-01 -1.10688159e+00  2.44004741e-01 -7.57371602e-01
 -1.49597982e+00  1.06021216e+00 -1.14861771e+00 -1.15408083e+00
 -1.87834285e+00 -8.44456167e-01  5.73667090e-01  2.55246813e-02
 -7.02973107e-01 -2.43308795e-01 -5.75963181e-01  1.83975419e+00
 -9.28376624e-01 -6.84510810e-01  1.32590998e+00 -7.60966144e-01
  2.67011897e-01 -1.00651926e+00  3.63405884e-01 -7.83058494e-02
  2.31474184e+00 -1.49640437e+00 -2.80173053e-02 -6.19482828e-01
 -2.15197815e-01  1.33373449e+00 -1.36481587e-01 -1.12480293e+00
  3.76842683e-01 -4.84186123e-01 -7.09303011e-01  2.20464295e+00
  8.15684243e-01  2.33047452e+00 -4.29878125e-01 -1.00407946e+00
  3.75311616e-01  1.47417962e+00  3.32011773e-01 -1.13880514e+00
  6.77864274e-01  9.49136998e-01  7.65128344e-01  4.47594826e-01
 -2.62891538e-01  5.42422446e-01 -4.02231151e-01 -3.67779347e-01
 -9.82971715e-01  2.52028894e-01 -7.84922941e-01 -3.36616329e-01
  6.56213265e-01  1.14144932e-01  6.80189263e-01  1.64067426e-01
 -8.70828107e-01 -8.03506034e-01  5.05821926e-01  9.50274056e-01
 -8.05258397e-01 -5.34742967e-02  9.54375806e-01 -5.31783727e-02
  2.42547420e-01  2.55671107e-01  1.15096663e+00  2.41128202e+00
 -1.41039186e+00  1.87563662e+00 -8.21558228e-01 -2.90096614e-01
  3.87107329e-01 -3.92692458e-01 -3.33539981e-01 -3.11402907e-01
 -3.08618686e+00  1.68354705e-01  3.28107561e-01  1.21956872e-01
  6.08703921e-01 -4.71296225e-01 -1.03303212e+00 -1.09750647e+00
  2.73881085e-01 -1.10522112e+00  9.78971317e-01 -1.12311100e+00
  1.47842784e+00 -4.25541229e-01 -8.03100285e-01 -1.54674593e+00
  6.02618554e-01 -7.69117386e-01 -3.37332789e-02 -1.41215530e-01
  7.91154842e-01 -3.78055784e-01 -6.71004382e-01 -6.18744332e-01
  1.03669142e+00  1.37965073e+00 -1.15745208e+00 -3.81340657e-01
  3.99618359e-01 -9.21032403e-01  4.70198466e-01  8.70745414e-01
 -5.29204487e-01 -1.22592499e-01 -4.52321449e-01  6.62574302e-02
  9.30498408e-01  9.52961092e-01 -7.51274189e-01  7.22513863e-01
  5.36916239e-01  5.30878174e-01 -6.45831088e-01 -2.89294863e-01
  3.01376037e+00  5.71836875e-01  1.42277882e+00  6.61573845e-01
 -1.11828798e+00 -7.27583989e-01 -2.83141270e-01 -8.34209681e-01
 -3.62905524e-02 -4.20394378e-01  2.39175579e-01  2.13226632e-01
 -2.71578469e-01  1.54262380e-01 -1.52167031e+00 -5.53108923e-01
  9.09096463e-01 -1.55867962e-01 -4.92836656e-01  6.60769319e-01
  1.92335077e-01 -9.14536356e-01  8.72423250e-01 -2.18122745e-01
  7.35457997e-01  3.60239184e-01 -2.99310998e-01 -6.19154742e-01
 -3.76224270e-01  3.16238269e-01  1.64403781e+00  3.88249867e-01
 -7.34659802e-01 -3.65847271e-01 -1.32973174e+00 -2.50419838e+00
 -4.40765476e-01 -7.90826501e-01 -5.36686524e-01 -6.60779140e-01
  1.97106912e-01  9.48868374e-01  1.33994049e+00 -4.91143731e-02
  2.53084182e-01 -2.46136233e-01 -1.51067441e+00 -1.36573593e+00
  7.87930522e-01 -1.32980999e-01 -5.23364858e-01 -8.15200256e-01
 -1.17759193e+00 -2.81611538e-01 -2.24927059e-01  3.11408916e-01
  1.81108148e+00 -3.48088326e+00  4.92187146e-01  4.00073099e-01
 -3.88715339e-01 -4.32637044e-01  3.75698244e-02 -1.75330804e-01
 -9.02020769e-01 -2.82722350e-01 -3.59575596e-01 -2.90458303e-01
 -5.62417359e-01  1.16775493e+00 -1.11298056e+00 -1.04288025e+00
  3.06774601e-01 -1.14385773e+00 -1.05150490e+00 -3.41837569e-02
 -6.66083975e-02  2.31507000e-01 -1.48661707e+00  1.56371724e+00
  1.15807427e+00 -1.31875287e+00 -7.75510104e-01 -1.92502643e+00
 -1.57210921e+00  1.29570728e+00  9.72920033e-01  1.01134587e+00
  1.77307839e+00 -3.30168598e-01 -6.67462111e-01 -1.16191048e-01
  5.60255079e-01 -6.26728508e-01  5.00934894e-01 -1.28224872e+00
 -4.59531677e-01 -1.17496492e+00 -3.49842200e-01 -3.60868506e-02
  7.51468362e-01 -6.26223805e-01 -5.06089223e-01 -1.25712562e+00
 -4.14350767e-01 -2.76727250e-01 -2.09090541e+00 -4.12080697e-01
  2.11605609e-01  7.47233741e-02 -7.86801222e-01  1.62688089e-01
 -4.13067448e-01 -7.70632216e-01  4.00966503e-01  2.09731255e-01
 -1.89463686e-02  1.71339604e+00 -2.53433722e+00  4.13940591e-01
 -4.65089978e-01 -2.69606591e-01 -3.46637507e-01 -5.99168781e-02
  1.72861507e+00  2.17152831e-01  1.40134455e+00 -2.18893538e+00
 -7.04303851e-01  7.37482192e-02  2.00850783e-01 -3.56913360e-01
 -5.30244861e-01 -6.78023437e-01  3.68059662e-02  1.97328867e-01
 -1.11300855e-01  1.17510470e+00  9.41561026e-01  1.08047137e+00
  1.56210299e+00  1.55593048e+00  5.83691086e-01 -9.28660215e-01
  2.41607306e+00 -1.88321924e+00 -2.65994504e+00  2.07404184e+00
 -1.55602631e+00  1.44270986e-01  3.71101332e-01  3.50595464e-01
 -1.08070738e+00  1.00640101e+00  9.87621616e-01  7.27096323e-01
 -1.12613133e+00  1.85865344e-01  5.60540561e-01 -2.08585500e-02
 -2.29364883e-01 -1.41726354e+00  1.57942488e+00 -6.21046287e-01
  3.84623773e-01  1.23734804e+00  2.32350693e-02  1.44385262e+00
  1.31188977e-01 -1.00279386e+00 -1.13701170e+00 -6.52629536e-01
  5.24640931e-01 -1.55254609e+00 -2.42532050e-01  1.10686580e+00
 -5.43071634e-01  7.18504161e-01 -4.37611197e-01  5.43069996e-01
  1.28883546e+00 -6.85500578e-01  2.23134255e+00 -4.22237828e-01
 -1.32966674e+00 -9.74241798e-01  2.63380972e-01 -1.69246208e+00
  6.54012097e-01  1.52880681e+00  1.37292815e+00  1.04655025e+00
  2.82048317e-01  1.17065053e+00 -1.08487770e+00  1.62901118e+00
  1.81220335e-01  9.01221189e-01  3.04851222e-01  1.06720708e+00
  2.49182265e-01 -5.80257288e-01 -1.28254563e-01 -2.67767688e-01
  4.58794687e-01  6.48362009e-02 -7.19894923e-01 -6.62355590e-02
  3.51447086e-01 -2.08656372e+00  4.18085291e-01 -8.72758289e-01
  6.86872640e-01 -1.13075418e+00  6.24308311e-01 -9.31576320e-01
 -6.86647647e-01  1.02729968e+00 -4.51643349e-01 -1.05726041e-01
 -1.67551143e+00 -1.57853544e+00 -3.74881736e-01  5.66596175e-01
  1.99763400e+00 -4.26592400e-01  4.17471200e-01  1.46316679e-01
  1.58062454e-01 -3.08669630e-01 -9.66346728e-01  4.99288853e-01