-0.63284879 -0.42760149 -0.59860347 -0.55551193 -1.0043541   0.01151175
  0.24371291 -0.53188534 -0.82431744  0.32927688 -0.81652813  1.03870937
  0.99852737 -0.15089823 -0.34697567  0.40770351 -0.80614948 -0.19906364
  0.63033655  0.00238574  0.70400939  0.40333037 -0.56873065 -0.16524962
  0.82445305  0.42532102  0.55897973 -0.35536646  0.04996256  0.54981749
  0.05782213 -0.78069477 -0.64361997 -0.12408375 -0.93531636 -0.56870165
  0.36162865  0.6211067  -0.55181384  0.22694875 -0.64756853 -0.31263691
  0.69180416  0.47733176  0.39529377 -0.6833627  -0.4406253   0.2491336
  0.29595066  0.14258954  0.30531288 -0.89169765  0.82698499  0.92743944
  0.69061017 -0.26510119 -0.81767886  0.70459806 -0.25386295 -0.0640232
 -0.06929265 -0.96543648  1.0160352   0.81811447  0.18499204 -0.17379556
  0.15217252  0.33043654  0.5437426   0.45726268 -0.15388238  0.04595001
 -0.62495927 -0.8094383  -0.08427657  0.43267092  0.53244968 -0.37407833
  0.11186763 -0.88997803 -0.91216844 -0.45784961 -0.21627545 -1.03744149
 -0.81276131  0.76705023  0.08287198  0.57334424 -0.71967417 -1.01091199
 -0.21639981 -0.08558063  0.47109148 -0.71193237 -0.64740573 -0.81063426
  0.94371626 -0.32816771  1.03959774  0.55638178 -0.95706941 -0.19226305
  0.3426421  -0.67219631 -0.48406903 -0.7845075  -1.03420681  0.73736477
  0.5548971   0.81002733 -0.18400327 -0.30185823 -0.67748821 -0.56764555
  0.20758597  0.81587423  0.21219456 -0.40017115 -0.48826463 -1.03817067
  0.82251797  0.31550969  0.35369788  0.20045475 -0.51425476 -0.20765033
 -0.983251    0.79829109 -0.17284827  0.25063616 -0.09749546 -0.58687686
  0.68464379  0.84976376 -0.9587693   0.90305927  0.86130889  0.2682836
  0.60522058 -0.52709922 -0.61975742  0.46554649  0.7167637  -1.01657939
 -0.26610181 -0.97539607  0.03855841 -0.98332402  0.67987819  0.76083771
  0.33911404  0.61224733  0.86748244 -0.80551654  0.28926237 -0.65638854
  0.61898916 -0.6885513   0.32495701 -0.62932707  0.71980601 -0.05381062
  0.11080886 -0.94358621  0.71769752 -0.43458682 -0.43520902 -0.64958015
  0.65644019 -0.5601894   0.65650949 -0.17386029  1.0409589   1.02477047
 -0.04320737  0.99096611  0.02829879  0.76960748  0.85698826 -1.00535067
  0.78893458  0.25345258 -0.84919148 -1.03136206 -0.11512521  0.8570656
  0.21028859 -0.9713024  -0.7233188   0.63691523 -0.81874101  0.43108316
  0.94339772  0.10496967  0.39552242  0.07564452 -0.11056642  0.91653614
 -1.03263155  0.97038489 -0.09337658  0.62700367 -0.12242641  0.66006511
  0.92790114  0.07635324  0.66389236 -0.41303659 -0.32852243  0.64630814
  0.6416902  -0.808806   -0.16051213  0.27677119  0.01519172 -0.30880673
 -0.79315436  0.51384981 -0.55043734  0.51334941 -0.82389091  0.55051452
  0.29721365  0.46599387  0.04322124  0.79832152  0.88013369  0.2326382
  0.99842344 -0.3454023  -0.83352492 -0.58073615  0.34733891 -0.88436983
  0.35945566 -0.03723912 -0.93850389  0.30705347 -0.16445407 -0.26006324
 -0.40206445  0.97331751 -0.17641049  0.16720065 -0.81895081 -0.33974311
  0.75234825 -0.80785064 -0.60324364 -0.2308091  -0.11786516  1.02804298
  1.04601605 -0.17149795 -0.42473531 -0.92245535  0.4121216  -0.1756716
 -0.55127436  0.21015668 -0.77200031  0.27151839  1.04261014  0.23884222
 -0.53058274  0.97883202 -0.57002099 -0.0630711   0.43717036 -0.24256085
  0.83881573 -0.35473387 -0.99730446  0.17529573  0.62297968  0.12636286
  0.00182879  0.17986457 -0.83038001  1.02603447  0.2644466   0.79502883
 -0.21167894 -0.14594159  0.82286114  0.21207538 -0.78874273 -0.74189723
  0.70720908 -0.34072879 -0.89987763  0.157017    0.97954754 -0.95299115
 -0.03329314 -0.74667045  0.66343036  0.69478818  0.52734715  0.81902221
  0.96431828  0.1045686   0.56620867  0.90153845 -0.19320456  0.45756533
 -1.03483008  0.05625077  0.07487574 -0.24371503 -0.01651946  0.5362
 -1.0025478   1.04298392 -0.09959353  0.75495053  0.39792968  0.73568567
  0.2970512   0.98414682  0.53594013  0.47083636  0.73760668  0.98392144
 -0.31642611  0.65557574  0.78859556 -0.37747863 -0.27668856  0.81761914
 -0.89012772 -0.99313887 -0.52628568 -0.33140262 -0.3838711  -0.89315388
  0.47751451 -0.4112655   0.55406047  0.85875548 -0.80717116  0.95307235
  0.62805264 -0.72216631  0.74632586 -0.45540533  0.16997996  0.81725039
 -1.00029547 -0.47680899  0.3241323  -0.65968348 -0.23579002  0.0111789
  0.58327907 -0.2002085  -0.84767574 -0.26868959  1.03392179  0.42679906
 -0.72053303 -0.30266392  0.54990613 -0.97073491 -0.9362296   0.21151812
 -0.69284275 -0.48362144  1.01762182  0.90066926  0.89598412 -0.56715331
 -0.71672815 -0.60120145  0.70797876  0.91911412  0.49361864 -0.93596619
 -0.02393673 -0.47589958 -1.00126482 -0.23755837  0.51513515 -0.53885655
 -0.40970101  0.38378698  0.90317491 -0.84487952 -0.19353534  0.25057399
 -0.36314533 -0.04771603 -0.87503322  1.03822851 -0.15793543  0.70142039
  0.41783962  0.70336906 -0.06895568  0.48578142  0.90911449 -0.41483508
 -0.45623236  0.82996695 -0.5324049  -0.2213378   0.32646674  0.82133186
 -0.51706552  0.28568793  0.37802153  0.87901248  0.19589031  0.02908522
 -1.03677022 -0.50952124  0.88148035  0.65229108  0.04580466 -0.34152259
  0.61822357 -0.71978733  0.73977985  0.43253325 -0.08973137  0.28248366
 -0.50214781 -0.6357336  -0.28279812 -0.84241199  0.63759062  0.57858991
 -0.22967395 -0.2320696  -0.51899177  0.00600653 -0.70498026  1.02573557
  0.82014208  0.26339856  0.27027686 -0.63417639 -0.98092892 -0.07655988
  0.33625962 -0.48600385 -1.00913412  0.40025577 -0.99124473  0.42670341
 -0.74225174  0.78088204 -0.2127046   0.88658207 -0.53801632 -0.33028488
  0.23902634  0.13423541  0.84586065 -0.2217741   0.26134468  0.05385252
  0.77064054  0.7545482  -0.28094943 -0.05260543  0.31113083 -0.85598514
  0.60512458  0.77628596 -0.70129543 -0.35047543  0.90593499 -1.00494554
  0.83177354  0.03231347  0.23581564 -0.26918047  0.74705305 -0.3991904
  0.93738639  0.65925638 -0.47410009 -0.26020886 -0.11682264  0.40006485
  0.09823899 -0.91309699  0.73113712  0.81775229 -0.80321741  0.61023309
  0.65913327 -0.92886488 -0.86899076 -0.76834387 -0.92426356  0.00179805
 -0.72151492 -0.34033099  0.7533891  -0.58774561  0.45823871 -0.05283197
 -0.01863907 -0.40783442  0.56987874 -0.52319963  0.66374017 -0.30422219
  0.09241988 -0.57095411  0.72664385  0.77510896  0.21970665  0.96493689
 -0.40597031  0.42822612 -0.31388096 -0.90570319 -0.40598493  0.22214604
 -0.67415789 -0.30117666 -0.62787149 -0.21322285 -0.7462176  -0.57197319
  0.69986298  0.12589401  0.90760497  0.61490096  0.89106388 -0.48185057
  0.10226406 -0.7645078   0.08326962 -0.67864369 -0.12940344  0.46402238
  0.94864565 -0.68222899  0.44927785 -0.33851152  0.7628559  -0.19930665
  0.21821737 -0.7070515   0.9840089   0.57506908  0.73473885 -0.45438662
 -0.92981554 -0.83374737 -0.61255203  0.99171252  0.30823872 -0.01158416
 -0.86779878 -0.53016907 -0.13185391 -0.32199274  0.36546104  0.81047202
  0.95644179 -0.75907373  0.83476698  0.62644714  0.54680836 -0.56974073
 -0.81402622  0.91916879  0.4814489  -0.68296143  0.7202209   0.18385519
 -0.90696148  0.55107157 -0.73034763 -0.75445067 -0.7550757  -0.66386612
 -0.18870406 -0.76135571  0.88074296 -0.88645244 -0.65723338 -0.87590811
  0.73033657  0.5180406   0.61466527 -0.59510434 -0.03423591  0.16717392
 -0.41288289  0.00860551  0.28121429  0.63827269 -0.39707345 -0.98540553
  0.10452912  0.67357838  0.26344398 -0.1424821   0.85640034  0.26888279
 -0.41232028  0.90384021 -0.57957595  0.27267106  0.24466648  0.35509284
 -0.33999723  0.3515193  -0.89535619 -0.7876824   1.003581   -0.91115265
 -0.50452979 -0.56698627 -0.36458756 -0.86677116  0.14970327 -0.94616016
 -0.20271247 -0.35237517  0.95638037  0.26432664 -0.13465186 -0.56257257
 -0.55443791  0.69937694 -1.04505327 -0.23407462  0.88465672  0.41915578
 -0.63109662 -0.83273084 -0.49803725 -0.67484934 -0.225313   -0.3309106
  0.15398979 -0.39320416 -0.77547088 -1.03476325  0.61901632  0.53148231
  0.93705527 -0.61574963 -0.20259456  0.57304684 -0.81951159  0.25365402
 -0.53772583 -0.85975149  0.16411236 -0.05997009  0.74025199  0.25779608
  0.56872164 -0.12878467 -1.04619834  0.34500297  0.15225228 -0.61076383
 -1.04700163  0.92938797 -0.14879347  0.09571174  0.44290626  0.32593186
  0.25513221 -0.32688245  0.27630059  0.01348507 -0.09019886  0.0147677
  0.21864225  0.15652844 -0.71121847 -0.63533088  0.50157354  0.18565241
 -0.08681342  0.91995201  0.1135828  -0.9989153  -0.62958522 -1.01523286
 -0.93060774  0.06234032  0.46365672  0.56525676 -0.32370311 -0.71880879
  0.24976444  0.20133127 -0.49224595  0.16196607 -0.77905049  0.18004844
 -0.53872325 -0.03709371 -0.08870609  0.19106048  0.46085222  0.8890966
 -0.95598295 -0.03305184  0.80479947 -0.39405563  0.53386998  0.42141229
  0.38991198  0.76217794  0.77478399  0.86221364  0.42891277 -0.31340044
 -0.602183    0.18392243 -0.2090989   0.77527765  0.7160076  -0.62011602
  0.24693388 -0.44403347 -0.38547972 -0.7296096   0.02227035  0.47957512
  0.31912    -0.12897132 -0.75843985 -0.49814544  0.28707843  0.64636749
 -0.20472873 -0.52257382 -0.52506141  0.16713042 -0.1615617  -0.62471227
 -0.72503135 -0.39410777  0.13133907 -0.93943948 -0.22682012 -0.27926514
  0.22164908 -0.28498885 -0.63728386  0.36445572  0.30254065 -0.01684431
 -0.4744822   0.70634708 -0.11011381  0.92872019  0.30195674  0.73171442
  0.24665507  0.0938219   0.29762611 -0.52048981 -0.30078116  0.01799698
 -0.50817953  0.34762372 -0.90240799 -0.15363682  0.29400805  0.87008998
  0.26699577  0.19229771  0.13615995  0.46014176  0.87647805  0.15677246
  0.12992103  0.94593843 -0.96432222 -0.2002486  -0.10023569  0.44108196
 -0.83143521  0.55521025 -0.68284562  0.11054333 -0.06625604  0.41658092
  0.41336929  0.69468428  0.66757158  0.84483867  0.60244094 -0.94712629
  0.35367171  0.97999414 -0.16533676  0.41655096  0.81272559  0.54268492
  0.95374787  0.34385427 -0.81022135 -0.07323169 -1.02006415 -0.08102284
 -0.50432179 -0.69868244  0.44795273 -0.71149528 -0.16222526  0.12963429
  0.87200206 -0.7172263  -0.83360341  0.00263901  0.48168929 -0.86930256
  0.14704744  0.49154601  0.68602247  0.27913462 -0.82461607 -1.02026665
  0.75488185 -0.8248294  -0.90048773  0.64639662 -0.132709   -0.55244589
  0.04646972  0.18942658 -0.68348234  0.53871393  0.83956774  0.51666043
 -0.94674026 -0.68095567 -0.17968008  0.03463722  0.66785976  0.5309982
  0.60656797  0.56806872 -0.92232587  0.34493428  0.89686131 -0.64504519
  0.02093637  0.18630545 -0.55722    -1.03894512  0.60925568 -0.48005086
 -0.12745445  0.31093112  0.22532717 -0.22699678 -0.99092997  0.88776312
  1.02598688  0.97405445  0.2322682   0.04968919 -0.30069245 -0.87967913
 -0.18411022  0.08159625 -0.09355246 -0.79700957 -0.70583899 -0.32957487
 -0.93579096 -0.03473277  0.65315706  0.0995272  -0.67739757  0.27431846
  0.80218624  0.12783553 -0.89343282 -0.94668546  0.42538549  0.73654791
 -0.86213616 -0.54444989 -0.70586503  0.22365136 -0.96582024  0.51455678
  0.16346364  0.42152266 -0.39908224  0.57483182  0.17068184 -0.76917044
  1.03400838  0.49258646  0.36437009 -0.83348803  0.92950503 -0.14286331
  0.09119008 -0.16121363 -0.33363219  0.69616675 -0.55549654  0.61434188
  0.13013275  0.54894431 -0.79079613 -0.28940046 -0.23095808  0.25015401
 -0.32776061  0.83097254 -0.38365993 -0.75287536 -0.76472345  0.1865879
  0.35557634 -0.98323954 -0.72308211 -1.04115837 -0.55699518 -0.72319614
  0.156816    0.31911799  0.30010379 -0.5954598   0.67760654  0.66546222
 -0.48910804 -0.16892133  0.03689181  0.11559204 -0.87612643 -0.20040923
  0.64811486 -0.71721777 -0.05544618 -0.1844087   0.50429568  0.15384103
 -0.99626853 -0.00333568  0.68094482 -0.04019333  0.9491788   0.67351955
  0.2592983  -0.54683109  0.91914602 -0.76231019  0.91408141 -0.36846166
  0.93133123 -0.86498693 -0.86266695 -0.4624207  -0.45224355  0.66853421
 -0.51159418  0.24129269  0.7697346  -0.44449548 -0.21374459 -0.98868028
 -0.86790904 -0.09535853 -0.08954003 -0.70755815 -0.91424095 -0.94030555
 -0.60639559 -0.30161316 -0.03846702  0.30098507 -0.88777813 -0.29628696
  0.20272958 -0.87707866 -0.85589259 -0.04719717 -0.61031079  0.39614481
  0.79691521 -0.2695456  -0.83737117 -0.51376646 -1.04172178  0.32268518
  0.9561573  -0.58673535 -0.72099933 -0.44238984